0.0;0.17089366877288076;0.8291063312271192
0.0;0.2275386765957247;0.7724613234042753
0.0016715838327538925;0.28483449008920536;0.7134939260780407
0.0049844163029485935;0.34007752100390287;0.6549380626931486
0.008115607712549378;0.391491671649186;0.6003927206382647
0.01099896245332506;0.437382670007979;0.551618367538696
0.013599984693694743;0.47665040707582174;0.5097496082304835
0.015913606766353228;0.5087798392387306;0.4753065539949162
0.01795798076697451;0.5337433970007839;0.44829862223224154
0.019767000568297804;0.5518654333194019;0.42836756611230037
0.021383545218366464;0.5636895719671448;0.41492688281448864
0.02285448112666967;0.5698722564545509;0.4072732624187794
0.024227702388839107;0.5711101974825544;0.40466210012860643
0.0255510846703781;0.5680997206751717;0.4063491946544502
0.02687314141001967;0.5615219793893966;0.41160487920058364
0.02824531524749992;0.5520478189757008;0.4197068657767993
0.02972617151036046;0.5403581408868265;0.4299156876028129
0.03138834947194932;0.5271792274290354;0.44143242309901526
0.033330234307412956;0.5133382767116715;0.4533314889809154
0.03569665825377744;0.4998552302194674;0.4644481115267552
0.0;0.18951484809891753;0.8104851519010825
0.0;0.2516237017615426;0.7483762982384574
0.003088507961161557;0.3149894916558828;0.6819220003829556
0.006500066520514848;0.3774081360139589;0.6160917974655262
0.009743459268967873;0.4364574728080309;0.5537990679230013
0.01274375639070734;0.4900517091411959;0.4972045344680968
0.015458257631213395;0.5367318283472058;0.44780991402158093
0.01787596918127341;0.5757066688937128;0.4064173619250139
0.02001202868341565;0.6067735931328949;0.37321437818368947
0.021899927369105156;0.6301744392504666;0.34792563338042826
0.023583936396369624;0.6464393533669137;0.32997671023671665
0.02511315259314795;0.6562529668984198;0.31863388050843217
0.0265376584375102;0.6603577566857401;0.3131045848767497
0.02790672345043772;0.6594955316948705;0.31259774485469183
0.0292687688379489;0.6543810592961674;0.3163501718658837
0.03067287537803925;0.6457001303116116;0.3236269943103491
0.03217184970009809;0.6341256678626099;0.33370248243729195
0.03382726331764141;0.6203483703576205;0.3458243663247381
0.03571754760622946;0.6051225291861556;0.359159923207615
0.03795149070796818;0.5893341702916391;0.37271433900039275
0.0;0.20105603837292202;0.7989439616270779
6.047917047116863E-4;0.2672292501251336;0.7321659581701547
0.004147541996294671;0.3357391590553107;0.6601132989483945
0.007642796865021204;0.4044107844168461;0.5879464187181328
0.010986032940771285;0.47046098159290695;0.5185529854663217
0.014095271652604229;0.5314532053162861;0.4544515230311095
0.016920029782458525;0.5855635365919722;0.3975164336255693
0.01944286196924858;0.6316858062521832;0.34887133177856827
0.021674918908275637;0.6693887925571746;0.30893628853454963
0.023648316516794745;0.6987788737109673;0.2775728097722379
0.025408031538324438;0.7203291949724995;0.25426277348917614
0.027005123309531608;0.7347213246831181;0.2382735520073502
0.02849205245133368;0.7427233774625678;0.22878457008609857
0.029920142278253813;0.7451105805244187;0.22496927719732743
0.03133889510639355;0.7426238653001066;0.2260372395934999
0.032796847601914335;0.735958251686933;0.2312449007111527
0.034343814828687015;0.7257730793444334;0.23988310582687974
0.036034671344256815;0.7127184668605099;0.2512468617952332
0.037935274731594415;0.6974757246002318;0.2645890006681737
0.04013190463165082;0.680813948063209;0.27905414730514017
0.0;0.20559396826706247;0.7944060317329376
0.0012682498208494775;0.2743841236448117;0.7243476265343388
0.004859870900294382;0.34675076717453457;0.648389361925171
0.008423414185161593;0.42041710802622384;0.5711594777886145
0.011853561679810335;0.49245521637545275;0.4956912219447369
0.015063379457146253;0.5601545987153512;0.42478202182750263
0.017995344036164727;0.6213520221368609;0.3606526338269743
0.020625133390358586;0.6746074772889361;0.3047673893207053
0.022958801772969377;0.7192148883566407;0.2578263098703898
0.025025815486534157;0.7550897736111761;0.21988441090228966
0.026870802593513363;0.7825973744731154;0.19053182293337123
0.02854616022674992;0.8023769306894399;0.16907690908381015
0.030106609470235742;0.8151962799025504;0.1546971106272139
0.03160593110082767;0.821849838551722;0.14654423034745026
0.03309564656777719;0.8230989592902143;0.14380539414200863
0.034625282898457316;0.8196471636790352;0.14572755342250743
0.036243959700891344;0.8121415606149059;0.15161447968420264
0.03800327055190481;0.8011934034488382;0.16080332599925712
0.0399617772624691;0.787413602082917;0.1726246206546139
0.042191960310830855;0.7714625595719542;0.18634548011721494
0.0;0.20362049096601775;0.7963795090339822
0.001619266073778777;0.27365647105365487;0.7247242628725663
0.005248067563736303;0.34837273543811087;0.6463791969981528
0.008866580504733238;0.4255696233996706;0.5655637960955961
0.012372097186492344;0.5023095520569488;0.4853183507565588
0.015675267269799873;0.5757147213784171;0.40861001135178304
0.018712711633968763;0.6433405792330902;0.3379467091329411
0.021453071914299064;0.7034199334196313;0.27512699466606966
0.02389621137445209;0.7549393552796151;0.22116443334593283
0.02606747084989156;0.7975706022727921;0.1763619268773164
0.028009747051065327;0.8315150162791286;0.14047523666980608
0.029775783040218683;0.857322002364458;0.11290221459532336
0.0314220927304179;0.8757254460892201;0.09285246118036194
0.033005004488008256;0.8875197433801149;0.07947525213187685
0.034682853925219415;0.8931590027110733;0.07215814336370727
0.03645922237226201;0.8935483743432538;0.06999240328448421
0.037904094260978495;0.8906829264825968;0.07141297925642454
0.039757230282284714;0.8831517536418829;0.0770910160758323
0.041809757081792756;0.8722784788367346;0.08591176408147264
0.04412665191346613;0.8586277070491779;0.09724564103735596
0.0;0.19589988895313387;0.8041001110468662
0.0016792673202895099;0.2658903307974306;0.7324304018822799
0.005338960762243324;0.3414492481768334;0.6532117910609233
0.009002922283570844;0.42062392518572145;0.5703731525307077
0.012574779295590036;0.5006069559244783;0.4868182647799316
0.01596583385209709;0.5784815170514441;0.4055526490964588
0.019108645852688757;0.6516108821903319;0.3292804719569793
0.021965151986577707;0.717937554261244;0.2600972937521784
0.024528165174507312;0.7761294824812328;0.19934235234425993
0.0268173855086394;0.8255710932680461;0.14761152122331445
0.028872352418674453;0.8662429333362145;0.10488471424511113
0.03074481426942729;0.8985498895075503;0.07070529622302239
0.03293603826520169;0.9220991853512469;0.04496477638355133
0.03588351666583967;0.9378441973906975;0.026272285943462897
0.03853225560947264;0.948723462405536;0.012744281984991437
0.0408227946658942;0.9547382782661122;0.004438927067993479
0.04271609885330277;0.9561941127991787;0.0010897883475186928
0.04419612004787619;0.9536754497269564;0.00212843022516743
0.0452696508538197;0.9479961019285783;0.0067342472176019925
0.045965410655899784;0.9401355543448748;0.013899034999225318
0.0;0.18333202122410988;0.8166679787758901
0.001465560409273415;0.2521453591909908;0.7463890803997358
0.005157492284839202;0.327137218564587;0.6677052891505738
0.00886249853143702;0.40674542769227723;0.5843920737762858
0.012494720182290657;0.48842562885890545;0.4990796509588039
0.01596983808316873;0.569362144050274;0.41466801786655727
0.01921895797349114;0.6468427389753233;0.3339383030511856
0.022198412141368137;0.7185901399576218;0.2592114479010101
0.024893633210580055;0.782971754223458;0.19213461256596204
0.027317366759721816;0.8390595334649279;0.13362309977535025
0.029504075729389092;0.8865625058487282;0.0839334184218826
0.03150288542358627;0.9256828418209881;0.04281427275542561
0.03508869952325058;0.9547323753224987;0.01017892515425077
0.03795620290752707;0.962043797092473;0.0
0.04027930093138832;0.9597206990686117;0.0
0.04240210768628929;0.9575978923137107;0.0
0.044309218180785565;0.9556907818192145;0.0
0.04598670166745084;0.9540132983325492;0.0
0.047422239563009255;0.9525777604369907;0.0
0.048605245393496026;0.951394754606504;0.0
0.0;0.16683071973497107;0.833169280265029
9.855222986317313E-4;0.23356228791158865;0.7654521897897797
0.00472174131483418;0.3067533443760557;0.6885249143091101
0.008470160269751975;0.3853406436337498;0.6061891960964982
0.012160369239203165;0.4671588042795204;0.5206808264812764
0.01571699751005703;0.5496340560751831;0.4346489464147599
0.019073331670617033;0.6301157584525101;0.35081090987687275
0.02218227459937281;0.7062113998824755;0.2716063255181517
0.02502243846534351;0.7760425095758265;0.1989350519588299
0.027598837740597387;0.8383725783384189;0.13402858392098355
0.029939291533694852;0.8926049176743013;0.07745579079200382
0.03223760067927712;0.9383997722070947;0.02936262711362805
0.03601267279098246;0.9639873272090176;0.0
0.03865227304968987;0.96134772695031;0.0
0.041112955815600934;0.9588870441843991;0.0
0.04337714559809082;0.9566228544019092;0.0
0.045428532503049276;0.9545714674969507;0.0
0.047252236287404346;0.9527477637125956;0.0
0.0488349533489282;0.9511650466510719;0.0
0.050165085800081416;0.9498349141999186;0.0
0.0;0.14720974742211124;0.8527902525778888
2.29527073549633E-4;0.2112496300129146;0.7885208429135357
0.0040381946830159035;0.28165293771979877;0.7143088675971854
0.00784219154950613;0.35792933592206955;0.6342284725284244
0.011592961205585292;0.43838504282828394;0.5500219959661308
0.015229834530479892;0.5208176507056441;0.4639525147638759
0.018693181682319055;0.6027843835143675;0.3785224348033135
0.02193602646121422;0.6819110454164004;0.2961529281223854
0.024932007015890347;0.7561680427612194;0.21889995022289027
0.02767859673156879;0.8240537840120616;0.1482676192563696
0.030195925933934917;0.8846610248145484;0.08514304925151665
0.03252262438448747;0.9376388754771555;0.029838500138356896
0.03616875538872252;0.9638312446112773;0.0
0.03893084967177075;0.9610691503282293;0.0
0.0415198503715338;0.9584801496284662;0.0
0.043917402206003965;0.956082597793996;0.0
0.046106352556357116;0.9538936474436429;0.0
0.048070924211326166;0.9519290757886738;0.0
0.049796871291287056;0.9502031287087128;0.0
0.05127161738358598;0.9487283826164141;0.0
0.0;0.12505109865345837;0.8749489013465417
0.0;0.18601920499225244;0.8139807950077476
0.0030952805759867585;0.2531274715472569;0.7437772478767564
0.006982830795531057;0.3260443934294121;0.6669727757750569
0.010804909016134553;0.4037750617109847;0.5854200292728807
0.01452328705594256;0.48459709059524747;0.5008796223488099
0.018091965401822188;0.5664166528156894;0.41549138178248834
0.021469309882943283;0.647028655080562;0.3315020350364948
0.02462750306516567;0.724383620172484;0.25098887676235027
0.02755811999761264;0.7968035031625619;0.17563837683982553
0.030273579701964086;0.8631076357162375;0.10661878458179833
0.03280524963756958;0.9226403472368044;0.04455440312562595
0.035915738613365125;0.9640842613866349;0.0
0.03878830301096045;0.9612116969890395;0.0
0.04149471599655479;0.9585052840034451;0.0
0.044015923989962895;0.9559840760100372;0.0
0.04633400386626824;0.9536659961337317;0.0
0.04843234408288116;0.9515676559171189;0.0
0.050295809347572724;0.9497041906524273;0.0
0.051910887715268146;0.9480891122847318;0.0
0.0;0.10049431408017434;0.8995056859198257
0.0;0.1586664632995928;0.8413335367004072
0.0018513159741562692;0.2223000178028878;0.7758486662229559
0.0058783842570526625;0.2911395072651998;0.7029821084777474
0.009797500707374594;0.3650114816279204;0.6251910176647051
0.013604719144526968;0.4427606152190287;0.5436346656364442
0.017276755308100158;0.5227646625423752;0.4599585821495245
0.020784619939150317;0.6031382878759246;0.3760770921849251
0.024104580361681976;0.6819669022998227;0.2939285173384954
0.027225876308708225;0.7575268614371976;0.21524726225409416
0.030154791584852427;0.8284506803416173;0.14139452807353034
0.03291535065523221;0.8938138636076703;0.07327078573709755
0.03554755109948281;0.9531432373093689;0.011309211591148192
0.03822649079535949;0.9617735092046404;0.0
0.04103787831639198;0.958962121683608;0.0
0.043671441824351696;0.9563285581756484;0.0
0.04610856977998118;0.9538914302200188;0.0
0.04833188896992341;0.9516681110300766;0.0
0.05032543764727796;0.9496745623527221;0.0
0.05207482143305429;0.9479251785669458;0.0
0.0;0.0727655476406148;0.9272344523593852
0.0;0.12944133297698948;0.8705586670230104
2.079732934086505E-4;0.18998492879869755;0.8098070979078938
0.00448463050005491;0.2544827777707509;0.7410325917291943
0.00855545429489815;0.32369906067065995;0.667745485034442
0.012472617815327889;0.3971311854771937;0.5903961967074783
0.016249670655643606;0.4737288810538183;0.5100214482905382
0.01988063513067702;0.5520595563257567;0.4280598085435663
0.023353857959952963;0.6305008288369699;0.3461453132030771
0.026662113974408087;0.7074414952474632;0.26589639077812877
0.029809260428185647;0.781459765176011;0.1887309743958033
0.032813649659567436;0.8514511183151229;0.11573523202530973
0.03570885191151526;0.9166922403583894;0.0475989077300954
0.037958525708282335;0.9620414742917176;0.0
0.04015525176052939;0.9598447482394706;0.0
0.042888391777787215;0.9571116082222128;0.0
0.045432938551192646;0.9545670614488074;0.0
0.04777083972883875;0.9522291602711612;0.0
0.0498853800942429;0.9501146199057572;0.0
0.05176134603102516;0.9482386539689748;0.0
0.0;0.038746425461525624;0.9612535745384744
0.0;0.09747903561452315;0.9025209643854768
0.0;0.15610834396925322;0.8438916560307468
0.002697159053404061;0.217003078510425;0.7802997624361709
0.007033637502100541;0.281245852895912;0.7117205096019875
0.011111433156147621;0.3494659822659399;0.6394225845779125
0.015007417257976052;0.4212848387563366;0.5637077439856873
0.018754960144407338;0.49583090855017115;0.48541413130542155
0.022365985933402437;0.5719117538835149;0.40572226018308266
0.02584539692202333;0.6481884626162019;0.32596614046177486
0.029200842777344544;0.7233448690984695;0.24745428812418602
0.03244898440320376;0.7962322480015116;0.1713187675952846
0.035618927007656134;0.8659721270624036;0.09840894592994029
0.03875353423499998;0.9320094973843122;0.02923696838068777
0.04045200017842886;0.9595479998215711;0.0
0.041676842314608296;0.9583231576853918;0.0
0.044315756714275845;0.9556842432857241;0.0
0.04675634463807122;0.9532436553619288;0.0
0.048981220265909446;0.9510187797340905;0.0
0.050974423983455315;0.9490255760165447;0.0
0.0;0.0;1.0
0.0;0.05898646263330457;0.9410135373666955
0.0;0.11998669446506514;0.8800133055349348
2.731463332586076E-4;0.17899741954282908;0.8207294341239123
0.005124024218086463;0.2386841887336445;0.7561917870482691
0.009477490100204936;0.3013096482121189;0.6892128616876761
0.013536271216836758;0.36735369190210065;0.6191100368810625
0.017404403367520953;0.43661248773506994;0.5459831088974091
0.021135718988166192;0.5084318141668277;0.4704324668450062
0.024759630577984734;0.581879978780452;0.3933603906415632
0.028296630863614617;0.6559031657823886;0.3158002033539968
0.03176825922588389;0.7294675277691589;0.23876421300495712
0.03520353724194514;0.8016789145444063;0.16311754821364854
0.03864295054108387;0.8718703867936085;0.08948666266530762
0.04214082150633785;0.9396533272854137;0.018205851208248424
0.043558394419671145;0.9564416055803289;0.0
0.04439110100226798;0.955608898997732;0.0
0.04545939676850662;0.9545406032314935;0.0
0.04762441361607508;0.9523755863839249;0.0
0.04972399126913477;0.9502760087308654;0.0
0.0;0.0;1.0
0.0;0.0;1.0
0.0;0.07699009209512923;0.9230099079048707
0.0;0.13885658400610387;0.8611434159938961
0.0025641272924308398;0.19632595885320006;0.8011099138543691
0.007462367019962517;0.2537714193115676;0.7387662136684698
0.011797050612808628;0.3136068452923174;0.6745961040948739
0.015819923084577175;0.37650434630743684;0.607675730607986
0.019662807182404218;0.4424520880035607;0.5378851048140351
0.023399544332161855;0.5110240926366028;0.46557636303123545
0.02707636693712763;0.5815518167101946;0.39137181635267776
0.030728967315157115;0.6532622620675924;0.31600877061725047
0.03439312320605928;0.7253985692764199;0.24020830751752095
0.03811178110622384;0.7973223766208514;0.16456584227292476
0.041940083768163015;0.8685938027681638;0.08946611346367314
0.04594937157191677;0.9390275904721133;0.015023037955969966
0.04743437670275877;0.9525656232972411;0.0
0.04845617695101415;0.9515438230489859;0.0
0.0497573934866084;0.9502426065133917;0.0
0.051382186791226254;0.9486178132087737;0.0
0.0;0.0;0.0
0.0;0.0;1.0
0.0;0.002892108442847992;0.997107891557152
0.0;0.09108777799197042;0.9089122220080295
0.0;0.15255467680361032;0.8474453231963897
0.004786348413985222;0.207092720178818;0.7881209314071969
0.009684722704745938;0.2611709337830667;0.7291443435121874
0.01397041207042458;0.317275163534801;0.6687544243947745
0.01794653652462413;0.37625860963020874;0.6057948538451671
0.021771867235200283;0.43829388297783967;0.53993424978696
0.025539264761523444;0.5031767954421577;0.4712839397963189
0.029311435177613917;0.5704959844454275;0.4001925803769586
0.03313998735633279;0.63975705750143;0.32710295514223725
0.03707714129580556;0.7104877346294393;0.25243512407475516
0.041183974531759995;0.7823301924637264;0.17648583300451365
0.04553717867865975;0.8551214018896459;0.09934141943169439
0.050235694403254864;0.9289632661773635;0.0208010394193816
0.05228718272247227;0.9477128172775277;0.0
0.05355837912486882;0.9464416208751313;0.0
0.05516318288614947;0.9448368171138506;0.0
0.0;0.0;0.0
0.0;0.0;0.0
0.0;0.0;1.0
0.0;0.0;1.0
0.0;0.09902799532782497;0.9009720046721751
5.983498002027265E-4;0.1592956871717019;0.8401059630280954
0.006905013513726015;0.21003613595563406;0.78305885053064
0.011758198087580513;0.2599506883650743;0.7282911135473452
0.015967776758982647;0.31164943390369176;0.6723827893373255
0.01988866383168018;0.3661439610172938;0.6139673751510261
0.023704616804605224;0.4237730499967574;0.5525223331986372
0.027526359913063698;0.48454021736676184;0.4879334227201745
0.03143336386342502;0.5482827402019546;0.4202838959346204
0.03549525588501571;0.6147866109368388;0.3497181331781454
0.039785110379959715;0.6838834466098159;0.27633144301022433
0.04438962789285483;0.7555417358694948;0.20006863623765042
0.049418843532091236;0.8299586003897754;0.12062255607813334
0.05501742692385175;0.907659525204452;0.03732304787169626
0.05840153179361592;0.9415984682063842;0.0
0.06000148178167764;0.9399985182183224;0.0
0.0;0.0;0.0
0.0;0.0;0.0
0.0;0.0;0.0
0.0;0.0;0.0
0.0;0.0;1.0
0.0;0.0972765152824291;0.902723484717571
0.002462494574922113;0.15697968561390735;0.8405578198111706
0.008876318952295046;0.20391882510137566;0.7872048559463293
0.013639627468364356;0.2493355535939083;0.7370248189377273
0.017746524209377775;0.2962700406257466;0.6859834351648756
0.021602360368998656;0.34589781348426457;0.6324998261467367
0.025412986266190717;0.3987140273108178;0.5758729864229916
0.02930579050625179;0.4549170489520004;0.5157771605417478
0.033377944388591825;0.5145834665171691;0.45203858909423916
0.03772053751640467;0.5777815088033145;0.3844979536802809
0.04243418713868414;0.6446693297624999;0.31289648309881607
0.04764246933076076;0.7155975025452175;0.23676002812402186
0.053506883394453725;0.7912296920846397;0.1552634245209066
0.060246925574957054;0.8727003206440357;0.06705275378100722
0.06618404124239163;0.9338159587576084;0.0
0.0;0.0;0.0
0.0;0.0;0.0
0.0;0.0;0.0
0.0;0.0;0.0
0.0;0.0;0.0
0.0;0.0;1.0
0.0;0.07891950355596498;0.921080496444035
0.004142402529235862;0.14323507842209995;0.8526225190486642
0.010641231046386057;0.1874540051473616;0.8019047638062523
0.015270714455321709;0.2287067847749805;0.7560225007696978
0.01924738679491344;0.270915944963063;0.7098366682420236
0.02302420543125433;0.31552993892892517;0.6614458556398206
0.026825390234424432;0.36322708740627885;0.6099475223592967
0.030793651104945696;0.4143988477407418;0.5548075011543124
0.035045123446853635;0.469350625589031;0.49560425096411537
0.03969667519538939;0.5284265840716493;0.4318767407329611
0.044884961526909115;0.5921220300370511;0.3629930084360397
0.05078530454078598;0.6612134276516881;0.28800126780752583
0.057636024148177464;0.7369333866941021;0.20543058915772036
0.06577516002173864;0.8212324802679034;0.11299235971035794
0.0;0.0;0.0
0.0;0.0;0.0
0.0;0.0;0.0
0.0;0.0;0.0
0.0;0.0;0.0
0.0;0.0;0.0
0.0;0.0;0.0
0.0;0.02578861865520021;0.9742113813447998
0.005522259162364064;0.11405545297408469;0.8804222878635511
0.01211726470471892;0.1591673303829706;0.8287154049123105
0.016573782081317948;0.19760194135921152;0.7858242765594706
0.020392715104547886;0.23565661096160295;0.7439506739338492
0.02407145498089405;0.2754123198440631;0.7005162251750429
0.027848327070923874;0.3178393019904241;0.6543123709386519
0.03187969917618529;0.3635462856850313;0.6045740151387834
0.03630166923122838;0.41305685960415617;0.5506414711646155
0.041261091673319344;0.4669677340449823;0.49177117428169836
0.04693964938538374;0.526090648294666;0.4269697023199502
0.05358145877991458;0.5916275398527161;0.35479100136736924
0.061533381110818075;0.6654294320010751;0.2730371868881068
